0.00000 ,0.85065 ,0.525731  ,
0.00000 ,0.85065 ,-0.525731 ,
0.00000 ,-0.85065, 0.525731 ,
0.00000 ,-0.85065, -0.525731,
0.85065 ,0.52573 ,0.000000  ,
0.85065 ,-0.52573, 0.000000 ,
-0.85065, 0.52573, 0.000000 ,
-0.85065, -0.52573, 0.000000,
0.52573 ,0.00000 ,0.850651  ,
-0.52573, 0.00000, 0.850651 ,
0.52573 ,0.00000 ,-0.850651 ,
-0.52573, 0.00000, -0.850651,
0.00000 ,1.00000 ,0.000000  ,
0.50000 ,0.80901 ,0.309017  ,
0.50000 ,0.80901 ,-0.309017 ,
-0.50000, 0.80901, -0.309017,
-0.50000, 0.80901, 0.309017 ,
0.00000 ,-1.00000, 0.000000 ,
0.50000 ,-0.80901, -0.309017,
0.50000 ,-0.80901, 0.309017 ,
-0.50000, -0.80901, 0.309017,
-0.50000, -0.80901, -0.309017,
1.00000 ,0.00000 ,0.000000  ,
0.80901 ,-0.30901, -0.500000,
0.80901 ,0.30901 ,-0.500000 ,
0.80901 ,0.30901 ,0.500000  ,
0.80901 ,-0.30901, 0.500000 ,
-1.00000, 0.00000, 0.000000 ,
-0.80901, -0.30901, 0.500000,
-0.80901, 0.30901, 0.500000 ,
-0.80901, 0.30901, -0.500000,
-0.80901, -0.30901, -0.500000,
0.00000 ,0.00000 ,1.000000  ,
-0.30901, -0.50000, 0.809017,
0.30901 ,-0.50000, 0.809017 ,
0.30901 ,0.50000 ,0.809017  ,
-0.30901, 0.50000, 0.809017 ,
0.00000 ,0.00000 ,-1.000000 ,
-0.30901, 0.50000, -0.809017,
0.30901 ,0.50000 ,-0.809017 ,
0.30901 ,-0.50000, -0.809017,
-0.30901, -0.50000, -0.809017